10300
6473
5458
5540
11684
6333
7088
13631
2345
6202
4321
9629
1588
946
4697
65
5148
8456
5819
130
1244
4913
3830
5259
9316
8296
9233
715
13184
9742
8347
7117
10218
1058
660
7385
7064
3601
2124
2141
45
899
9832
4116
9706
2707
2660
10664
8956
7463
1792
11970
356
11522
13924
176
8674
461
7172
1148
13636
12952
10160
8352
3228
8056
8905
633
7956
2851
10101
10799
3418
8583
3073
4758
4095
6095
265
6496
4347
820
13496
11183
9173
8176
5922
13672
4616
5424
8534
2168
2005
1219
8307
8641
768
19
11175
4433
2725
6498
5577
11989
12767
12888
12922
3723
11162
11858
4953
6378
9776
12276
2375
8706
7712
3046
8391
7948
13185
12425
10901
657
7086
6768
5849
3304
2511
7119
7822
6770
2245
10154
8902
4998
2516
7236
8828
4496
840
5581
11766
4692
9236
7662
7158
8344
12303
12141
11058
13984
13747
10755
1590
1074
5552
969
6276
2640
2099
3019
10162
11850
6552
12812
5093
4205
11514
1228
7365
6962
6367
14045
4691
4376
547
4382
7745
13392
1591
6456
13087
10566
2504
9773
6910
10925
9181
8382
318
4419
10481
3895
1940
2367
11116
2494
13177
6411
12156
9691
11077
12504
8542
8035
3113
7891
402
4976
13479
7695
9034
11415
11388
9171
772
10912
7979
7342
12630
8834
4491
9274
4842
4177
13210
231
14092
123
9024
9360
4615
5491
21
12110
585
9279
6788
13083
11654
931
10250
3185
8232
9510
11614
8266
6784
13866
13644
6720
3990
11278
14028
9769
13930
2188
10709
639
1623
9739
10869
11551
6613
1404
9972
73
12921
812
1778
13624
11822
2254
12203
932
7724
12706
10595
10888
508
11554
12365
11692
7372
1285
2468
10429
4154

13767
11630
7536
8115
3181
3426
5478
8041
9393
6698
47
887
6284
4404
2525
7828
81
8215
4732
455
13776
3752
61
6383
clean_gorillas
3101
916
13557
5042
1156
4318
8648
5638
335
5288
10473
3419
5136
7588
6207
7539
7475
10482
383
3524
5134
713
464
5193
12788
8675
12230
3401
8704
13483
10369
3064
9779
5864
11432
3957
5924
13250
2808
13740
2268
1867
7244
7344
1906
852
11675
8064
6585
2417
13597
4509
12653
7613
541
4948
1004
2533
537
12450
13679
188
6657
1255
12838
4702
8864
9801
1840
6041
10826
1916
4950
5131
12114
11199
13059
4223
5027
9362
13893
1889
9783
9454
5364
7677
13113
12629
5855
9664
14090
8517
667
873
6924
11152
78
8732
106
9080
10013
7305
160
5709
13917
4910
10084
11852
1345
9995
2331
5229
7849
10680
5015
10222
2054
8013
4628
12975
6756
8566
12490
12139
10614
13764
9406
6104
548
9218
1328
clean_test
8585
990
5113
1215
7
12574
6224
6424
13863
8405
12095
10368
12986
6972
11437
865
8319
[min-max]
7375
1408
3545
9118
7367
8110
1673
6607
8618
4106
9089
7530
1273
13454
10634
5020
2454
8876
12186
5993
901
7359
3162
6062
3147
973
11810
10213
12946
3677
11394
13421
1893
4893
12377
4109
2393
756
3407
9670
12697
10886
2218
11579
6840
3598
11765
11909
3243
3763
10588
11978
12600
1492
5423
4517
8197
9157
11464
8638
7586
1667
12357
11340
6621
1762
6911
1803
13976
11131
12071
9583
795
12506
12121
11779
6497
2485
9347
10022
5605
11694
8809
41
4470
282
933
13873
6778
2248
6982
13418
554
9392
12886
7544
11541
6483
16
11081
13426
12017
6598
3712
1570
7681
4693
8229
4421
12510
10290
12985
10381
6835
2301
12843
3129
5538
557
3307
716
316
9781
8313
10750
858
737
5918
13706
1595
3007
9541
3396
10700
7901
664
5051
8227
640
8043
8769
10098
789
2629
4839
5944
953
184
970
7326
11794
12477
1491
4655
7488
10325
1862
6134
934
6247
6522
9639
6897
10593
4561
2399
9873
{min..max}
6817
5336
8177
797
3897
13022
7768
8748
1417
10966
13674
11158
84
8684
4005
10590
653
6848
9881
1538
456
10071
8661
6288
8784
5971
6418
3753
636
10378
4060
8990
9521
8948
12476
1546
12913
2436
11017
7232
12526
6763
10397
13518
13526
8615
7337
10029
9733
13762
3640
6237
11721
2138
11942
515
11882
9269
4774
12694
5893
3902
9601
6494
6597
10776
6845
13470
1974
8722
757
5681
7205
9820
3364
1824
9428
4726
{1..10}
1846
7154
7041
8629
395
13911
7802
101
8183
6999
521
3254
8716
3555
13043
8236
8280
6319
8255
6633
10798
8170
12753
6882
3675
9420
9402
2647
10676
5120
9261
10660
9558
5656
10583
4071
8736
9041
9451
8682
267
5206
1115
2613
2462
5699
9413
10074
1421
7217
1976
1921
4411
8765
1512
468
13932
1691
9121
2599
5304
3512
8878
2307
721
8130
5407
9254
6219
5688
5625
10110
13543
153
7785
4933
5793
12059
831
3959
13399
13325
7017
8496
5099
7149
11120
4019
215
5707
5932
11241
390
12508
5007
11618
1978
12827
965
9280
7624
940
12044
239
10404
1047
6875
11296
7280
12529
290
10944
3246
4897
8305
12659
517
1368
6783
349
7885
11225
8987
303
4639
1056
360
5385
8820
284
5548
1262
12901
5245
8459
12480
221
13055
11800
3872
5208
11128
2645
9969
4811
8587
13842
6629
6183
10359
10531
13820
298
283
895
