10013
10022
10029
1004
10071
10074
10084
10098
101
10101
10110
10154
10160
10162
10213
10218
10222
10250
10290
10300
10325
10359
10368
10369
10378
10381
10397
10404
10429
1047
10473
10481
10482
10531
1056
10566
1058
10583
10588
10590
10593
10595
106
10614
10634
10660
10664
10676
10680
10700
10709
1074
11017
11058
11077
11081
11116
11120
11128
11131
1115
11152
11158
11162
11175
11183
11199
11225
11241
11278
11296
11340
11388
11394
11415
11432
11437
11464
1148
11514
11522
11541
11551
11554
1156
11579
11614
11618
11630
11654
11675
11684
11692
11694
11721
11765
11766
11779
11794
11800
11810
11822
11850
11852
11858
11882
11909
11942
11970
11978
11989
12017
12044
12059
12071
12095
12110
12114
12121
12139
12141
1215
12156
12186
1219
12203
12230
12276
1228
123
12303
12357
12365
12377
12425
1244
12450
12476
12477
12480
12490
12504
12506
12508
12510
12526
12529
1255
12574
12600
1262
12629
12630
12653
12659
12694
12697
12706
1273
12753
12767
12788
12812
12827
12838
12843
1285
12886
12888
12901
12913
12921
12922
12946
12952
12975
12985
12986
130
13022
13043
13055
13059
13083
13087
13113
13177
13184
13185
13210
13250
1328
13325
13392
13399
13418
13421
13426
1345
13454
13479
13483
13496
1368
1404
1408
1417
1421
1491
1492
1512
153
1538
1546
1570
1588
1590
1591
1595
16
160
1623
1667
1673
1691
176
1762
1778
1792
1803
1824
184
1840
1846
1862
1867
188
1889
1893
19
1906
1916
1921
1940
1974
1976
1978
2005
2054
2099
21
2124
2138
2141
215
2168
2188
221
2218
2245
2248
2254
2268
2301
2307
231
2331
2345
2367
2375
239
2393
2399
2417
2436
2454
2462
2468
2485
2494
2504
2511
2516
2525
2533
2599
2613
2629
2640
2645
2647
265
2660
267
2707
2725
2808
282
283
284
2851
290
298
3007
3019
303
3046
3064
3073
3101
3113
3129
3147
316
3162
318
3181
3185
3228
3243
3246
3254
3304
3307
335
3364
3396
3401
3407
3418
3419
3426
349
3512
3524
3545
3555
356
3598
360
3601
3640
3675
3677
3712
3723
3752
3753
3763
383
3830
3872
3895
3897
390
3902
395
3957
3959
3990
4005
4019
402
4060
4071
4095
41
4106
4109
4116
4154
4177
4205
4223
4318
4321
4347
4376
4382
4404
4411
4419
4421
4433
4470
4491
4496
45
4509
4517
455
456
4561
461
4615
4616
4628
4639
464
4655
468
4691
4692
4693
4697
47
4702
4726
4732
4758
4774
4811
4839
4842
4893
4897
4910
4913
4933
4948
4950
4953
4976
4998
5007
5015
5020
5027
5042
5051
508
5093
5099
5113
5120
5131
5134
5136
5148
515
517
5193
5206
5208
521
5229
5245
5259
5288
5304
5336
5364
537
5385
5407
541
5423
5424
5458
547
5478
548
5491
5538
554
5540
5548
5552
557
5577
5581
5605
5625
5638
5656
5681
5688
5699
5707
5709
5793
5819
5849
585
5855
5864
5893
5918
5922
5924
5932
5944
5971
5993
6041
6062
6095
61
6104
6134
6183
6202
6207
6219
6224
6237
6247
6276
6284
6288
6319
633
6333
636
6367
6378
6383
639
640
6411
6418
6424
6456
6473
6483
6494
6496
6497
6498
65
6522
653
6552
657
6585
6597
6598
660
6607
6613
6621
6629
6633
664
6657
667
6698
6720
6756
6763
6768
6770
6778
6783
6784
6788
6817
6835
6835
6835
6840
6840
6845
6845
6848
6848
6875
6882
6897
6910
6911
6924
6962
6972
6982
6999
7
7017
7041
7064
7086
7088
7117
7119
713
7149
715
7154
7158
716
7172
7205
721
7217
7232
7236
7244
7280
73
7305
7326
7337
7342
7344
7359
7365
7367
737
7372
7375
7385
7463
7475
7488
7530
7536
7539
7544
756
757
7586
7588
7613
7624
7662
7677
768
7681
7695
7712
772
7724
7745
7768
7785
78
7802
7822
7828
7849
7885
789
7891
7901
7948
795
7956
797
7979
8013
8035
8041
8043
8056
8064
81
8110
8115
812
8130
8170
8176
8177
8183
8197
820
8215
8227
8229
8232
8236
8255
8266
8280
8296
8305
8307
831
8313
8319
8344
8347
8352
8382
8391
84
840
8405
8456
8459
8496
8517
852
8534
8542
8566
858
8583
8585
8587
8615
8618
8629
8638
8641
8648
865
8661
8674
8675
8682
8684
8704
8706
8716
8722
873
8732
8736
8748
8765
8769
8784
8809
8820
8828
8834
8864
887
8876
8878
8902
8905
8948
895
8956
8987
899
8990
901
9024
9034
9041
9080
9089
9118
9121
9157
916
9171
9173
9181
9218
9233
9236
9254
9261
9269
9274
9279
9280
931
9316
932
933
934
9347
9360
9362
9392
9393
940
9402
9406
9413
9420
9428
9451
9454
946
9510
9521
953
9541
9558
9583
9601
9629
9639
965
9664
9670
969
9691
970
9706
973
9733
9739
9742
9769
9773
9776
9779
9781
9783
9801
9820
9832
9873
9881
990
9969
9972
9995
